ISS (ZARYA)             
1 25544U 98067A   26111.49012659  .00009217  00000+0  17597-3 0  9997
2 25544  51.6324 220.7136 0006728 333.7588  26.3059 15.48871311562966
POISK                   
1 36086U 09060A   26111.49012659  .00009217  00000+0  17597-3 0  9995
2 36086  51.6324 220.7136 0006728 333.7588  26.3059 15.48871311562903
CSS (TIANHE)            
1 48274U 21035A   26111.49715219  .00023096  00000+0  25250-3 0  9991
2 48274  41.4677 307.2849 0006600 248.2463 111.7674 15.62743674284309
ISS (NAUKA)             
1 49044U 21066A   26111.49012659  .00009217  00000+0  17597-3 0  9993
2 49044  51.6324 220.7136 0006728 333.7588  26.3059 15.48871311562945
FREGAT DEB              
1 49271U 11037PF  26111.21656223  .00003101  00000+0  47935-2 0  9997
2 49271  51.6429 173.0397 0943554 156.8872 207.7485 12.41014465217976
CSS (WENTIAN)           
1 53239U 22085A   26110.92198984  .00030776  00000+0  33518-3 0  9994
2 53239  41.4677 310.7964 0006514 246.3399 113.6757 15.62720710283133
CSS (MENGTIAN)          
1 54216U 22143A   26111.49715219  .00023096  00000+0  25250-3 0  9995
2 54216  41.4677 307.2849 0006600 248.2463 111.7674 15.62743674284290
TIANZHOU-9              
1 64786U 25149A   26111.49715219  .00023096  00000+0  25250-3 0  9997
2 64786  41.4677 307.2849 0006600 248.2463 111.7674 15.62743674284305
PROGRESS-MS 32          
1 65586U 25204A   26110.78039753  .00009753  00000+0  18580-3 0  9993
2 65586  51.6325 224.2241 0006701 330.9223  29.1391 15.48857372554501
BOTAN                   
1 65943U 98067XQ  26108.50080101  .04905991  12189-4  10064-2 0  9994
2 65943  51.6087 206.4857 0010568 326.5110  33.5243 16.30209286 29857
HRC MONOBLOCK CAMERA    
1 66052U 98067XR  26111.55822405  .00052279  00000+0  48530-3 0  9998
2 66052  51.6257 208.4044 0004496 315.1253  44.9379 15.66906404 29101
HTV-X1                  
1 66174U 25241A   26109.66693346  .00005975  00000+0  19778-3 0  9999
2 66174  51.6366 235.4531 0007673 331.4211  28.6349 15.32697623 27223
SZ-21 MODULE            
1 66515U 25246C   26111.24007227  .00039194  00000+0  29380-3 0  9997
2 66515  41.4737 300.7594 0004393 302.2063  57.8354 15.71845481 24769
SHENZHOU-22             
1 66645U 25272A   26111.49715219  .00023096  00000+0  25250-3 0  9990
2 66645  41.4677 307.2849 0006600 248.2463 111.7674 15.62743674284312
SOYUZ-MS 28             
1 66664U 25275A   26111.49012659  .00009217  00000+0  17597-3 0  9996
2 66664  51.6324 220.7136 0006728 333.7588  26.3059 15.48871311563189
DUPLEX                  
1 66906U 98067XS  26111.31523088  .00031145  00000+0  39878-3 0  9999
2 66906  51.6287 215.7954 0004392 322.5027  37.5659 15.58899683 21774
ISS OBJECT XT           
1 66907U 98067XT  26110.56491386  .00342383  54212-4  11379-2 0  9994
2 66907  51.6192 209.1860 0011710 337.8574  22.1924 15.89658474 21793
ISS OBJECT XU           
1 66908U 98067XU  26109.98958199  .00365310  60410-4  12072-2 0  9992
2 66908  51.6192 212.0904 0011416 333.9645  26.0785 15.89766386 21706
SILVERSAT               
1 66909U 98067XV  26111.41676985  .02238858  60623-2  17497-2 0  9992
2 66909  51.6081 201.2837 0013138 340.8561  19.1960 16.15331909 21972
ISS OBJECT XW           
1 66910U 98067XW  26110.54627720  .00262547  00000+0  10336-2 0  9995
2 66910  51.6185 209.8088 0010827 332.6022  27.4409 15.85521877 21784
ISS OBJECT XY           
1 66912U 98067XY  26110.57540914  .00114465  00000+0  81724-3 0  9994
2 66912  51.6234 213.8212 0007338 328.9976  31.0588 15.72889119 21729
KNACKSAT-2              
1 67683U 98067XZ  26111.30918558  .00041155  00000+0  59840-3 0  9994
2 67683  51.6303 219.5073 0011978 346.8750  13.1928 15.55273526 11418
CORAL                   
1 67684U 98067YA  26110.58376979  .00084244  00000+0  94894-3 0  9993
2 67684  51.6280 221.4077 0015683 336.7595  23.2688 15.61673259 11320
GXIBA-1                 
1 67685U 98067YB  26110.58254697  .00037573  00000+0  53238-3 0  9996
2 67685  51.6293 222.9046 0013828 341.2513  18.7968 15.55990878 11307
UITMSAT-2               
1 67686U 98067YC  26111.31974334  .00058306  00000+0  77505-3 0  9996
2 67686  51.6293 218.8303 0010863 324.3046  35.7218 15.57555948 11424
HMU-SAT2                
1 67687U 98067YD  26111.55529084  .00039493  00000+0  56528-3 0  9999
2 67687  51.6319 218.1564 0010162 326.4092  33.6254 15.55743238 11372
LEOPARD                 
1 67688U 98067YE  26109.60181765  .00053374  00000+0  73319-3 0  9994
2 67688  51.6313 227.6090 0010319 317.4453  42.5738 15.56718917 11071
CREW DRAGON 12          
1 67796U 26031A   26111.49012659  .00009217  00000+0  17597-3 0  9994
2 67796  51.6324 220.7136 0006728 333.7588  26.3059 15.48871311563063
PROGRESS-MS 33          
1 68319U 26058A   26111.49012659  .00009217  00000+0  17597-3 0  9995
2 68319  51.6324 220.7136 0006728 333.7588  26.3059 15.48871311  4571
CYGNUS NG-24            
1 68689U 26079A   26110.78039753  .00009753  00000+0  18580-3 0  9991
2 68689  51.6325 224.2241 0006701 330.9223  29.1391 15.48857372  1426
